(114750000, 18) 2 
(114750000, 24) 6 
(114750000, 28) 2 
(114750000, 50) 2 
(114750000, 51) 2 
(114750000, 59) 2 
(114750000, 62) 4 
(114750000, 75) 4 
(114750000, 85) 2 
(114750000, 87) 6 
(114750000, 118) 2 
(114750000, 122) 2 
(114750000, 124) 4 
(114750000, 125) 2 
(114750000, 128) 2 
(216750000, 16) 2 
(216750000, 22) 2 
(216750000, 23) 33 !!
(216750000, 24) 6 
(216750000, 26) 4 
(216750000, 44) 6 
(216750000, 45) 4 
(216750000, 47) 2 
(216750000, 58) 4 
(216750000, 59) 10 
(216750000, 61) 6 
(216750000, 63) 2 
(216750000, 68) 10 
(216750000, 69) 6 
(216750000, 70) 2 
(216750000, 73) 11 
(216750000, 74) 6 
(216750000, 76) 22 !
(216750000, 77) 20 
(216750000, 78) 6 
(216750000, 79) 22 !
(216750000, 80) 20 
(216750000, 81) 41 !!!
(216750000, 82) 36 !!
(216750000, 83) 55 !!!!
(216750000, 84) 32 !!
(216750000, 85) 52 !!!!
(216750000, 86) 24 !
(216750000, 88) 2 
(216750000, 89) 22 !
(216750000, 90) 26 !
(216750000, 91) 2 
(216750000, 92) 4 
(216750000, 93) 4 
(216750000, 94) 30 !
(216750000, 95) 23 !
(216750000, 96) 2 
(216750000, 97) 30 !
(216750000, 98) 8 
(216750000, 99) 29 !
(216750000, 101) 2 
(216750000, 102) 24 !
(216750000, 103) 15 
(216750000, 105) 33 !!
(216750000, 106) 22 !
(216750000, 107) 12 
(216750000, 108) 4 
(216750000, 111) 26 !
(216750000, 112) 6 
(216750000, 114) 6 
(216750000, 116) 6 
(216750000, 117) 46 !!!
(216750000, 118) 28 !
(216750000, 119) 4 
(216750000, 120) 2 
(216750000, 121) 8 
(216750000, 122) 6 
(216750000, 123) 12 
(216750000, 124) 2 
(216750000, 126) 18 
(216750000, 127) 2 
(216750000, 128) 4 
(318750000, 16) 6 
(318750000, 23) 12 
(318750000, 24) 8 
(318750000, 25) 43 !!!
(318750000, 26) 61 !!!!
(318750000, 27) 24 !
(318750000, 28) 2 
(318750000, 37) 2 
(318750000, 38) 4 
(318750000, 39) 2 
(318750000, 40) 14 
(318750000, 41) 42 !!!
(318750000, 42) 45 !!!
(318750000, 43) 10 
(318750000, 44) 2 
(318750000, 45) 2 
(318750000, 49) 2 
(318750000, 58) 2 
(318750000, 59) 4 
(318750000, 60) 10 
(318750000, 61) 2 
(318750000, 62) 100 !!!!
(318750000, 63) 52 !!!!
(318750000, 64) 16 
(318750000, 65) 6 
(318750000, 66) 26 !
(318750000, 68) 68 !!!!
(318750000, 69) 75 !!!!
(318750000, 70) 50 !!!
(318750000, 71) 8 
(318750000, 72) 6 
(318750000, 73) 6 
(318750000, 74) 10 
(318750000, 75) 8 
(318750000, 77) 6 
(318750000, 78) 4 
(318750000, 79) 14 
(318750000, 80) 2 
(318750000, 81) 4 
(318750000, 85) 4 
(318750000, 87) 4 
(318750000, 88) 18 
(318750000, 89) 41 !!!
(318750000, 90) 8 
(318750000, 91) 5 
(318750000, 92) 6 
(318750000, 93) 20 
(318750000, 95) 24 !
(318750000, 98) 28 !
(318750000, 99) 2 
(318750000, 100) 6 
(318750000, 102) 2 
(318750000, 103) 4 
(318750000, 104) 6 
(318750000, 106) 2 
(318750000, 107) 2 
(318750000, 109) 4 
(318750000, 110) 2 
(318750000, 111) 2 
(318750000, 114) 16 
(318750000, 115) 6 
(318750000, 119) 6 
(318750000, 121) 4 
(318750000, 122) 6 
(318750000, 123) 4 
(318750000, 125) 2 
(318750000, 126) 4 
(420750000, 21) 2 
(420750000, 28) 2 
(420750000, 32) 4 
(420750000, 33) 6 
(420750000, 34) 22 !
(420750000, 35) 6 
(420750000, 36) 12 
(420750000, 37) 20 
(420750000, 38) 6 
(420750000, 39) 2 
(420750000, 43) 9 
(420750000, 45) 2 
(420750000, 46) 2 
(420750000, 47) 2 
(420750000, 50) 100 !!!!
(420750000, 51) 44 !!!
(420750000, 52) 42 !!!
(420750000, 53) 14 
(420750000, 55) 10 
(420750000, 56) 2 
(420750000, 59) 2 
(420750000, 76) 2 
(420750000, 77) 10 
(420750000, 79) 2 
(420750000, 80) 20 
(420750000, 81) 6 
(420750000, 83) 8 
(420750000, 85) 23 !
(420750000, 86) 2 
(420750000, 87) 16 
(420750000, 89) 2 
(420750000, 90) 4 
(420750000, 91) 12 
(420750000, 92) 8 
(420750000, 93) 16 
(420750000, 94) 12 
(420750000, 95) 10 
(420750000, 96) 23 !
(420750000, 97) 4 
(420750000, 99) 2 
(420750000, 106) 17 
(420750000, 107) 8 
(420750000, 108) 2 
(420750000, 109) 22 !
(420750000, 110) 10 
(420750000, 111) 12 
(420750000, 112) 2 
(420750000, 113) 28 !
(420750000, 114) 12 
(420750000, 115) 52 !!!!
(420750000, 116) 6 
(420750000, 117) 55 !!!!
(420750000, 120) 4 
(420750000, 121) 8 
(420750000, 122) 20 
(420750000, 123) 6 
(420750000, 124) 2 
(420750000, 126) 43 !!!
(420750000, 127) 7 
(522750000, 18) 14 
(522750000, 19) 4 
(522750000, 25) 20 
(522750000, 29) 4 
(522750000, 31) 6 
(522750000, 32) 2 
(522750000, 34) 2 
(522750000, 40) 2 
(522750000, 42) 2 
(522750000, 44) 18 
(522750000, 45) 32 !!
(522750000, 46) 10 
(522750000, 47) 48 !!!
(522750000, 48) 4 
(522750000, 50) 8 
(522750000, 51) 18 
(522750000, 52) 40 !!
(522750000, 53) 6 
(522750000, 54) 16 
(522750000, 55) 6 
(522750000, 57) 14 
(522750000, 59) 8 
(522750000, 60) 59 !!!!
(522750000, 61) 19 
(522750000, 62) 82 !!!!
(522750000, 63) 85 !!!!
(522750000, 64) 54 !!!!
(522750000, 65) 4 
(522750000, 66) 50 !!!
(522750000, 67) 50 !!!
(522750000, 68) 57 !!!!
(522750000, 69) 52 !!!!
(522750000, 70) 31 !!
(522750000, 72) 4 
(522750000, 78) 22 !
(522750000, 79) 4 
(522750000, 80) 2 
(522750000, 81) 6 
(522750000, 82) 6 
(522750000, 84) 6 
(522750000, 86) 2 
(522750000, 87) 4 
(522750000, 88) 8 
(522750000, 89) 30 !
(522750000, 91) 16 
(522750000, 93) 10 
(522750000, 95) 10 
(522750000, 98) 10 
(522750000, 102) 8 
(522750000, 104) 8 
(522750000, 106) 12 
(522750000, 107) 31 !!
(522750000, 108) 4 
(522750000, 109) 10 
(522750000, 110) 4 
(522750000, 112) 27 !
(522750000, 113) 33 !!
(522750000, 114) 6 
(522750000, 115) 26 !
(522750000, 116) 28 !
(522750000, 117) 30 !
(522750000, 118) 4 
(522750000, 119) 34 !!
(522750000, 120) 34 !!
(522750000, 121) 38 !!
(522750000, 122) 2 
(522750000, 123) 22 !
(522750000, 124) 12 
(522750000, 125) 22 !
(522750000, 126) 68 !!!!
(522750000, 127) 66 !!!!
(522750000, 128) 60 !!!!
(624750000, 20) 2 
(624750000, 22) 2 
(624750000, 23) 8 
(624750000, 24) 2 
(624750000, 28) 2 
(624750000, 30) 6 
(624750000, 31) 10 
(624750000, 32) 8 
(624750000, 33) 8 
(624750000, 35) 2 
(624750000, 36) 18 
(624750000, 37) 8 
(624750000, 38) 4 
(624750000, 39) 4 
(624750000, 42) 2 
(624750000, 58) 10 
(624750000, 59) 6 
(624750000, 60) 34 !!
(624750000, 61) 6 
(624750000, 62) 4 
(624750000, 64) 6 
(624750000, 65) 20 
(624750000, 66) 2 
(624750000, 69) 3 
(624750000, 70) 2 
(624750000, 71) 40 !!
(624750000, 72) 85 !!!!
(624750000, 73) 54 !!!!
(624750000, 74) 74 !!!!
(624750000, 75) 84 !!!!
(624750000, 76) 22 !
(624750000, 77) 24 !
(624750000, 78) 44 !!!
(624750000, 79) 12 
(624750000, 82) 78 !!!!
(624750000, 83) 22 !
(624750000, 84) 76 !!!!
(624750000, 85) 100 !!!!
(624750000, 86) 79 !!!!
(624750000, 87) 100 !!!!
(624750000, 88) 84 !!!!
(624750000, 89) 40 !!
(624750000, 90) 93 !!!!
(624750000, 91) 100 !!!!
(624750000, 92) 12 
(624750000, 93) 16 
(624750000, 94) 100 !!!!
(624750000, 95) 100 !!!!
(624750000, 96) 63 !!!!
(624750000, 98) 68 !!!!
(624750000, 99) 100 !!!!
(624750000, 100) 100 !!!!
(624750000, 101) 42 !!!
(624750000, 102) 82 !!!!
(624750000, 103) 51 !!!!
(624750000, 104) 86 !!!!
(624750000, 105) 52 !!!!
(624750000, 106) 86 !!!!
(624750000, 107) 50 !!!
(624750000, 108) 26 !
(624750000, 109) 44 !!!
(624750000, 110) 40 !!
(624750000, 111) 43 !!!
(624750000, 112) 28 !
(624750000, 113) 14 
(624750000, 114) 30 !
(624750000, 115) 26 !
(624750000, 116) 28 !
(624750000, 117) 17 
(624750000, 118) 10 
(624750000, 119) 10 
(624750000, 120) 24 !
(624750000, 121) 44 !!!
(624750000, 122) 46 !!!
(624750000, 123) 36 !!
(624750000, 124) 32 !!
(624750000, 125) 6 
(624750000, 126) 52 !!!!
(624750000, 127) 34 !!
(624750000, 128) 26 !
(675750000, 24) 2 
(675750000, 25) 8 
(675750000, 26) 2 
(675750000, 27) 2 
(675750000, 28) 2 
(675750000, 32) 2 
(675750000, 33) 10 
(675750000, 38) 12 
(675750000, 39) 2 
(675750000, 40) 24 !
(675750000, 42) 10 
(675750000, 43) 12 
(675750000, 44) 2 
(675750000, 61) 2 
(675750000, 62) 8 
(675750000, 63) 6 
(675750000, 65) 24 !
(675750000, 66) 10 
(675750000, 67) 8 
(675750000, 70) 6 
(675750000, 71) 2 
(675750000, 73) 2 
(675750000, 74) 6 
(675750000, 75) 15 
(675750000, 76) 12 
(675750000, 77) 32 !!
(675750000, 81) 58 !!!!
(675750000, 82) 20 
(675750000, 83) 36 !!
(675750000, 84) 40 !!
(675750000, 85) 100 !!!!
(675750000, 86) 7 
(675750000, 87) 94 !!!!
(675750000, 88) 50 !!!
(675750000, 89) 4 
(675750000, 90) 100 !!!!
(675750000, 91) 100 !!!!
(675750000, 92) 33 !!
(675750000, 93) 100 !!!!
(675750000, 94) 100 !!!!
(675750000, 95) 100 !!!!
(675750000, 96) 100 !!!!
(675750000, 97) 100 !!!!
(675750000, 98) 100 !!!!
(675750000, 99) 63 !!!!
(675750000, 100) 12 
(675750000, 101) 50 !!!
(675750000, 102) 67 !!!!
(675750000, 103) 56 !!!!
(675750000, 104) 75 !!!!
(675750000, 105) 100 !!!!
(675750000, 106) 100 !!!!
(675750000, 107) 51 !!!!
(675750000, 108) 50 !!!
(675750000, 109) 10 
(675750000, 110) 41 !!!
(675750000, 111) 31 !!
(675750000, 112) 31 !!
(675750000, 113) 31 !!
(675750000, 114) 28 !
(675750000, 115) 21 !
(675750000, 116) 12 
(675750000, 122) 4 
(675750000, 125) 2 
(675750000, 126) 10 
(675750000, 127) 32 !!
(675750000, 128) 22 !
(828750000, 31) 2 
(828750000, 33) 2 
(828750000, 38) 8 
(828750000, 39) 4 
(828750000, 41) 4 
(828750000, 42) 10 
(828750000, 44) 2 
(828750000, 47) 2 
(828750000, 48) 16 
(828750000, 49) 8 
(828750000, 51) 2 
(828750000, 52) 6 
(828750000, 55) 2 
(828750000, 70) 4 
(828750000, 73) 4 
(828750000, 76) 3 
(828750000, 77) 2 
(828750000, 79) 3 
(828750000, 82) 2 
(828750000, 83) 4 
(828750000, 84) 4 
(828750000, 87) 2 
(828750000, 92) 4 
(828750000, 93) 2 
(828750000, 95) 14 
(828750000, 96) 4 
(828750000, 97) 2 
(828750000, 98) 4 
(828750000, 99) 2 
(828750000, 100) 62 !!!!
(828750000, 101) 8 
(828750000, 102) 2 
(828750000, 104) 8 
(828750000, 106) 36 !!
(828750000, 107) 53 !!!!
(828750000, 108) 52 !!!!
(828750000, 109) 32 !!
(828750000, 110) 42 !!!
(828750000, 111) 16 
(828750000, 112) 32 !!
(828750000, 113) 31 !!
(828750000, 114) 20 
(828750000, 115) 20 
(828750000, 116) 20 
(828750000, 126) 2 
(905250000, 24) 4 
(905250000, 32) 4 
(905250000, 33) 4 
(905250000, 34) 2 
(905250000, 36) 6 
(905250000, 39) 2 
(905250000, 40) 6 
(905250000, 41) 8 
(905250000, 46) 6 
(905250000, 49) 6 
(905250000, 50) 32 !!
(905250000, 53) 4 
(905250000, 54) 4 
(905250000, 66) 2 
(905250000, 74) 4 
(905250000, 75) 2 
(905250000, 76) 2 
(905250000, 80) 2 
(905250000, 88) 2 
(905250000, 89) 2 
(905250000, 90) 10 
(905250000, 92) 2 
(905250000, 93) 2 
(905250000, 94) 4 
(905250000, 95) 10 
(905250000, 96) 2 
(905250000, 97) 2 
(905250000, 99) 2 
(905250000, 100) 4 
(905250000, 101) 16 
(905250000, 102) 2 
(905250000, 103) 4 
(905250000, 105) 12 
(905250000, 106) 24 !
(905250000, 107) 6 
(905250000, 108) 57 !!!!
(905250000, 109) 10 
(905250000, 110) 24 !
(905250000, 111) 26 !
(905250000, 112) 14 
(905250000, 113) 56 !!!!
(905250000, 114) 22 !
(905250000, 115) 74 !!!!
(905250000, 116) 4 
(905250000, 117) 43 !!!
(905250000, 118) 4 
(905250000, 119) 6 
(905250000, 120) 18 
(905250000, 121) 2 
(905250000, 123) 2 
(905250000, 124) 6 
(905250000, 125) 2 
(905250000, 126) 6 
(905250000, 127) 2 
(905250000, 128) 2 
(1032750000, 11) 2 
(1032750000, 16) 4 
(1032750000, 22) 2 
(1032750000, 24) 2 
(1032750000, 26) 2 
(1032750000, 28) 2 
(1032750000, 30) 2 
(1032750000, 36) 2 
(1032750000, 37) 2 
(1032750000, 38) 8 
(1032750000, 41) 12 
(1032750000, 42) 4 
(1032750000, 43) 2 
(1032750000, 44) 8 
(1032750000, 45) 4 
(1032750000, 46) 10 
(1032750000, 47) 2 
(1032750000, 48) 4 
(1032750000, 50) 2 
(1032750000, 51) 4 
(1032750000, 52) 18 
(1032750000, 53) 2 
(1032750000, 54) 46 !!!
(1032750000, 55) 8 
(1032750000, 56) 12 
(1032750000, 57) 44 !!!
(1032750000, 58) 4 
(1032750000, 60) 4 
(1032750000, 61) 2 
(1032750000, 62) 6 
(1032750000, 68) 2 
(1032750000, 70) 2 
(1032750000, 73) 4 
(1032750000, 80) 2 
(1032750000, 83) 2 
(1032750000, 92) 2 
(1032750000, 96) 2 
(1032750000, 97) 2 
(1032750000, 99) 2 
(1032750000, 100) 24 !
(1032750000, 101) 6 
(1032750000, 102) 10 
(1032750000, 104) 4 
(1032750000, 107) 6 
(1032750000, 108) 2 
(1032750000, 109) 2 
(1032750000, 110) 16 
(1032750000, 111) 4 
(1032750000, 112) 10 
(1032750000, 113) 11 
(1032750000, 114) 2 
(1032750000, 115) 28 !
(1032750000, 116) 10 
(1032750000, 118) 28 !
(1032750000, 120) 18 
(1032750000, 121) 41 !!!
(1032750000, 122) 12 
(1032750000, 123) 24 !
(1032750000, 124) 18 
(1032750000, 125) 8 
(1032750000, 126) 49 !!!
(1032750000, 127) 87 !!!!
(1032750000, 128) 39 !!
(1198500000, 16) 2 
(1198500000, 19) 2 
(1198500000, 25) 2 
(1198500000, 27) 2 
(1198500000, 28) 2 
(1198500000, 29) 2 
(1198500000, 30) 4 
(1198500000, 31) 2 
(1198500000, 32) 2 
(1198500000, 33) 2 
(1198500000, 34) 8 
(1198500000, 37) 2 
(1198500000, 42) 2 
(1198500000, 43) 2 
(1198500000, 44) 28 !
(1198500000, 45) 14 
(1198500000, 47) 2 
(1198500000, 48) 10 
(1198500000, 49) 4 
(1198500000, 51) 4 
(1198500000, 52) 6 
(1198500000, 53) 24 !
(1198500000, 54) 6 
(1198500000, 55) 22 !
(1198500000, 56) 10 
(1198500000, 57) 14 
(1198500000, 58) 2 
(1198500000, 59) 31 !!
(1198500000, 60) 18 
(1198500000, 61) 2 
(1198500000, 62) 2 
(1198500000, 63) 53 !!!!
(1198500000, 64) 38 !!
(1198500000, 65) 22 !
(1198500000, 66) 2 
(1198500000, 67) 6 
(1198500000, 68) 26 !
(1198500000, 71) 8 
(1198500000, 74) 2 
(1198500000, 78) 2 
(1198500000, 80) 2 
(1198500000, 86) 2 
(1198500000, 89) 2 
(1198500000, 91) 4 
(1198500000, 92) 2 
(1198500000, 93) 4 
(1198500000, 96) 2 
(1198500000, 97) 2 
(1198500000, 98) 8 
(1198500000, 101) 2 
(1198500000, 102) 6 
(1198500000, 104) 8 
(1198500000, 106) 2 
(1198500000, 107) 12 
(1198500000, 108) 2 
(1198500000, 109) 12 
(1198500000, 111) 14 
(1198500000, 113) 4 
(1198500000, 114) 2 
(1198500000, 116) 2 
(1198500000, 117) 6 
(1198500000, 118) 2 
(1198500000, 121) 4 
(1198500000, 122) 11 
(1198500000, 123) 22 !
(1198500000, 124) 10 
(1198500000, 125) 10 
(1198500000, 128) 30 !
(1236750000, 16) 2 
(1236750000, 18) 2 
(1236750000, 22) 2 
(1236750000, 24) 2 
(1236750000, 26) 2 
(1236750000, 29) 2 
(1236750000, 31) 2 
(1236750000, 33) 2 
(1236750000, 34) 4 
(1236750000, 36) 2 
(1236750000, 42) 2 
(1236750000, 44) 6 
(1236750000, 45) 2 
(1236750000, 46) 22 !
(1236750000, 47) 12 
(1236750000, 48) 12 
(1236750000, 49) 2 
(1236750000, 50) 8 
(1236750000, 51) 2 
(1236750000, 55) 2 
(1236750000, 56) 6 
(1236750000, 57) 2 
(1236750000, 58) 6 
(1236750000, 59) 4 
(1236750000, 60) 28 !
(1236750000, 61) 22 !
(1236750000, 62) 24 !
(1236750000, 63) 10 
(1236750000, 64) 22 !
(1236750000, 65) 25 !
(1236750000, 66) 6 
(1236750000, 67) 6 
(1236750000, 68) 12 
(1236750000, 69) 34 !!
(1236750000, 71) 14 
(1236750000, 72) 6 
(1236750000, 76) 14 
(1236750000, 77) 20 
(1236750000, 79) 2 
(1236750000, 80) 2 
(1236750000, 81) 2 
(1236750000, 83) 2 
(1236750000, 85) 4 
(1236750000, 89) 2 
(1236750000, 93) 2 
(1236750000, 95) 6 
(1236750000, 97) 2 
(1236750000, 100) 4 
(1236750000, 101) 4 
(1236750000, 102) 10 
(1236750000, 103) 6 
(1236750000, 104) 8 
(1236750000, 105) 4 
(1236750000, 107) 18 
(1236750000, 108) 20 
(1236750000, 109) 6 
(1236750000, 112) 20 
(1236750000, 113) 4 
(1236750000, 114) 6 
(1236750000, 118) 4 
(1236750000, 121) 2 
(1236750000, 123) 18 
(1236750000, 124) 2 
(1236750000, 127) 2 
(1236750000, 128) 20 
(1338750000, 31) 8 
(1338750000, 36) 2 
(1338750000, 37) 4 
(1338750000, 38) 4 
(1338750000, 47) 2 
(1338750000, 48) 8 
(1338750000, 49) 2 
(1338750000, 50) 4 
(1338750000, 51) 4 
(1338750000, 52) 20 
(1338750000, 53) 2 
(1338750000, 54) 2 
(1338750000, 55) 8 
(1338750000, 56) 2 
(1338750000, 57) 10 
(1338750000, 59) 32 !!
(1338750000, 60) 2 
(1338750000, 61) 2 
(1338750000, 62) 6 
(1338750000, 63) 6 
(1338750000, 64) 2 
(1338750000, 65) 8 
(1338750000, 66) 10 
(1338750000, 67) 6 
(1338750000, 68) 8 
(1338750000, 69) 26 !
(1338750000, 70) 2 
(1338750000, 72) 42 !!!
(1338750000, 73) 4 
(1338750000, 74) 24 !
(1338750000, 75) 2 
(1338750000, 79) 7 
(1338750000, 80) 18 
(1338750000, 81) 4 
(1338750000, 83) 2 
(1338750000, 85) 4 
(1338750000, 86) 4 
(1338750000, 87) 2 
(1338750000, 88) 2 
(1338750000, 89) 6 
(1338750000, 91) 2 
(1338750000, 92) 6 
(1338750000, 96) 2 
(1338750000, 97) 4 
(1338750000, 100) 2 
(1338750000, 101) 8 
(1338750000, 102) 4 
(1338750000, 103) 2 
(1338750000, 105) 16 
(1338750000, 107) 2 
(1338750000, 108) 12 
(1338750000, 109) 6 
(1338750000, 110) 2 
(1338750000, 113) 8 
(1338750000, 114) 12 
(1338750000, 116) 30 !
(1338750000, 117) 4 
(1338750000, 118) 4 
(1338750000, 121) 2 
(1338750000, 123) 22 !
(1338750000, 124) 6 
(1338750000, 125) 19 
(1377000000, 28) 2 
(1377000000, 29) 2 
(1377000000, 30) 2 
(1377000000, 33) 2 
(1377000000, 49) 19 
(1377000000, 50) 6 
(1377000000, 51) 6 
(1377000000, 53) 2 
(1377000000, 54) 2 
(1377000000, 55) 10 
(1377000000, 56) 2 
(1377000000, 57) 8 
(1377000000, 58) 6 
(1377000000, 59) 8 
(1377000000, 60) 10 
(1377000000, 61) 4 
(1377000000, 62) 6 
(1377000000, 63) 2 
(1377000000, 64) 20 
(1377000000, 65) 4 
(1377000000, 66) 20 
(1377000000, 67) 40 !!
(1377000000, 68) 4 
(1377000000, 69) 12 
(1377000000, 70) 6 
(1377000000, 71) 2 
(1377000000, 72) 30 !
(1377000000, 73) 6 
(1377000000, 74) 37 !!
(1377000000, 75) 6 
(1377000000, 76) 25 !
(1377000000, 78) 4 
(1377000000, 80) 2 
(1377000000, 81) 8 
(1377000000, 82) 2 
(1377000000, 83) 4 
(1377000000, 84) 6 
(1377000000, 85) 2 
(1377000000, 86) 12 
(1377000000, 87) 2 
(1377000000, 88) 10 
(1377000000, 89) 4 
(1377000000, 90) 6 
(1377000000, 92) 2 
(1377000000, 93) 4 
(1377000000, 94) 4 
(1377000000, 96) 6 
(1377000000, 98) 2 
(1377000000, 99) 10 
(1377000000, 101) 18 
(1377000000, 102) 8 
(1377000000, 105) 10 
(1377000000, 106) 8 
(1377000000, 107) 4 
(1377000000, 109) 6 
(1377000000, 111) 12 
(1377000000, 112) 2 
(1377000000, 113) 10 
(1377000000, 114) 6 
(1377000000, 115) 2 
(1377000000, 116) 18 
(1377000000, 117) 4 
(1377000000, 118) 6 
(1377000000, 119) 6 
(1377000000, 120) 10 
(1377000000, 122) 18 
(1377000000, 123) 10 
(1377000000, 124) 12 
(1377000000, 126) 17 
(1377000000, 128) 12 
